us-central1: 0.000479
us-east1: 0.0005
us-east4: 0.000383
us-west1: 0.000117
us-west2: 0.000248
us-west3: 0.000561
us-west4: 0.000491
asia-east1: 0.000541
asia-east2: 0.000626
asia-northeast1: 0.000524
asia-northeast2: 0.000524
asia-northeast3: 0.00054
asia-south1: 0.000723
asia-southeast1: 0.000493
asia-southeast2: 0.000772
australia-southeast1: 0.000725
europe-north1: 0.000181
europe-west1: 0.000196
europe-west2: 0.000257
europe-west3: 0.000319
europe-west4: 0.000474
europe-west6: 2.9e-05
northamerica-northeast1: 0.000143
southamerica-east1: 0.000109
